          bug_id oriLines purLines covLines oriChunks purChunks oriAdd oriDel purAdd purDel oriFile oriClass purFile purClass oriActionsCnt oriPatternsCnt purActionsCnt purPatternsCnt   covTC       ddTC
0     Closure-15        3        3        3         1         1      3      0      3      0       1        1       1        1             2              5             2              5   7.566   254.7320
1     Mockito-18        2        2        2         1         1      2      0      2      0       1        1       1        1             1             11             1             11   8.985   518.0010
2     Closure-87       14       11       14         4         4     13      1     11      0       1        1       1        1             3             19             1             18   4.254   525.1760
3    Closure-124        2        2        2         2         2      2      0      2      0       1        1       1        1             1              3             1              3   3.509   200.5760
4        Math-28        4        2        4         4         2      4      0      2      0       1        1       1        1             2              9             1              8   6.862   193.4590
5     Closure-18        2        2        2         1         1      1      1      1      1       1        1       1        1             1              8             1              8   4.002   159.9830
6    Closure-133        1        1        1         1         1      1      0      1      0       1        1       1        1             1              3             1              3  11.002   187.5800
7        Math-32        2        2        2         1         1      1      1      1      1       1        1       1        1             1              7             1              7   6.003    87.6900
8        Lang-33        2        2        2         1         1      1      1      1      1       1        1       1        1             1              9             1              9  10.001    38.1400
9     Closure-67        2        2        2         1         1      1      1      1      1       1        1       1        1             1              9             1              9   3.931   131.9170
10      Chart-22       35       19       32         7         6     32      3     16      3       1        1       1        1            10             52             7             40   5.197   473.9320
11        Time-1       14        6       12         3         1     10      4      6      0       2        2       1        1             2             24             1             18   7.800   198.7000
12        Math-1        6        6        6         2         2      6      0      6      0       2        2       2        2             1              9             1              9   6.545   233.6980
13       Math-38        8        5        8         3         2      4      4      2      3       1        1       1        1             3              9             3              9   7.910   544.1770
14       Lang-21        2        1        2         1         1      1      1      1      0       1        1       1        1             1              7             1             11  12.037    43.8550
15       Math-85        2        2        2         1         1      1      1      1      1       1        1       1        1             1              2             1              2   4.001    36.8650
16       Math-58        2        2        2         1         1      1      1      1      1       1        1       1        1             1              5             1              5   8.000    81.1220
17       Lang-62        8        7        8         4         3      8      0      7      0       1        1       1        1             3             11             2             11  11.244   137.8210
18    Closure-44        2        2        2         2         2      2      0      2      0       1        1       1        1             1             10             1             10   3.002   221.9630
19       Lang-22        8        2        4         2         1      7      1      1      1       1        1       1        1             2             24             1              3  11.174    51.3810
20    Closure-40        4        4        4         2         2      1      3      1      3       1        1       1        1             3             30             3             30   4.975   232.5620
21       Math-50        4        4        4         1         1      0      4      0      4       1        1       1        1             1             17             1             17   8.557   176.8090
22       Time-11        9        9        9         1         1      5      4      5      4       1        1       1        1             2             17             2             17   7.009   140.3240
23        Math-7       17       12       17         4         5      8      9      8      4       1        1       1        1             7             31             7             27   8.074  1692.5900
24    Mockito-10       15       15       15         7         7     10      5     10      5       1        1       1        1             4             26             4             26   7.680   669.9670
25    Closure-73        2        2        2         1         1      1      1      1      1       1        1       1        1             1              3             1              3   3.002   135.2770
26   Closure-126        4        3        4         1         2      0      4      0      3       1        1       1        1             1             10             2              5   3.504   401.7950
27       Lang-39        3        3        3         1         1      3      0      3      0       1        1       1        1             1              7             1              7  12.385    38.2440
28    Closure-56        4        4        4         2         2      4      0      4      0       1        1       1        1             1             10             1             10   3.603   230.8410
29       Math-77       11       10       11         2         3      1     10      1      9       2        2       2        2             1             21             2             24   6.047   214.0580
30    Closure-39        6        6        6         3         3      3      3      3      3       1        1       1        1             3             17             3             17   9.003   384.3830
31       Math-29       19       15       18         2         3     15      4     14      1       1        1       1        1             4             41             6             32   8.078   633.3110
32       Lang-55        2        2        2         2         2      2      0      2      0       1        1       1        1             1              7             1              7   9.333    25.8420
33    Closure-97        3        2        3         1         1      2      1      2      0       1        1       1        1             2             10             2             11   3.006   191.6910
34    Closure-96        5        5        5         3         3      4      1      4      1       1        1       1        1             1             13             1             13  12.756   156.5950
35      Chart-14       12       12       12         4         4     12      0     12      0       2        2       2        2             2              6             2              6   8.312   274.3300
36   Closure-121        4        4        4         2         2      3      1      3      1       1        1       1        1             1              7             1              7   3.952   385.7460
37        Lang-4        8        1        8         4         1      4      4      1      0       1        1       1        1             4             16             1             10   4.552   214.0660
38    Closure-74       17       17       17         2         2     15      2     15      2       1        1       1        1             3             33             3             33   5.851   629.7430
39       Math-25        3        3        3         2         2      3      0      3      0       1        1       1        1             1             10             1             10   5.526   126.5940
40       Math-52        7        3        7         3         1      4      3      2      1       1        1       1        1             2             14             2             13   8.870   155.9120
41    Closure-55        3        3        3         1         1      2      1      2      1       1        1       1        1             1              8             1              8   3.589   220.9010
42       Chart-5        6        4        6         2         1      5      1      4      0       1        1       1        1             2             21             1              9   3.873   182.5410
43    Closure-92        2        2        2         1         1      1      1      1      1       1        1       1        1             1              3             1              3  11.003   115.4630
44   Closure-127       11       10       11         2         2     10      1      9      1       1        1       1        1             2             27             2             27   4.954   510.6030
45       Lang-25       54        1       54         1         1     27     27      0      1       1        1       1        1             1              4             1              4  13.141   163.8050
46    Closure-30       12       10       12         6         5     10      2      9      1       2        2       2        2             4             29             4             29   3.700   969.2970
47    Closure-11        2        1        2         1         1      0      2      0      1       1        1       1        1             3             11             3             10   4.002   356.2960
48    Closure-59        3        3        3         1         1      2      1      2      1       1        1       1        1             1             12             1             12   4.222   191.7250
49      Math-101        3        2        3         1         1      2      1      1      1       1        1       1        1             1              8             1              8  11.017    77.1300
50       Math-45        5        5        5         1         1      5      0      5      0       1        1       1        1             3             20             3             20   5.557   164.1830
51    Mockito-36        4        4        4         2         2      4      0      4      0       1        1       1        1             1              9             1              9   2.631   197.6440
52       Math-40       10        4        9         2         1      8      2      4      0       1        1       1        1             8             19             4             15  11.063   680.1430
53       Math-26        4        4        4         2         2      2      2      2      2       1        1       1        1             2              7             2              7   6.001   135.5250
54   Closure-111        3        3        3         1         1      2      1      2      1       1        1       1        1             2              7             2              7   3.442   267.9770
55    Closure-84       27       19       27         3         3     27      0     19      0       1        1       1        1             4             39             4             33   9.472  1000.1940
56    Closure-37        6        5        6         3         3      5      1      4      1       2        2       2        2             1             12             1              9   4.349   409.7890
57    Closure-25        6        2        6         4         2      2      4      2      0       1        1       1        1             4             21             2              7   5.253   596.9970
58       Math-24        4        2        4         2         1      2      2      1      1       1        1       1        1             2              4             1              4   5.617   457.4550
59       Math-98        4        4        4         2         2      2      2      2      2       2        2       2        2             1              5             1              5  10.001    60.8630
60       Chart-1        2        2        2         1         1      1      1      1      1       1        1       1        1             1              2             1              2   5.001    40.3100
61      Math-100        6        3        6         3         3      3      3      2      1       1        1       1        1             3              6             3             20  10.603   164.9350
62        Time-3       20       10       12        20        10     20      0     10      0       1        1       1        1            10              5             5              5  12.432   387.6460
63    Mockito-27        3        3        3         1         1      1      2      1      2       1        1       1        1             2             17             2             17   2.581   250.8730
64       Lang-18        6        3        6         2         2      3      3      1      2       1        1       1        1             1             16             2              3  11.686    91.3760
65    Mockito-11       10        7       10         3         2      9      1      7      0       1        1       1        1             3             23             2             21   8.412  1013.6760
66       Math-42        4        3        4         2         2      3      1      2      1       1        1       1        1             1             13             1              7   6.002   284.7330
67    Closure-65        2        2        2         1         1      1      1      1      1       1        1       1        1             1              3             1              3   3.002   158.1790
68       Math-57        2        2        2         1         1      1      1      1      1       1        1       1        1             1              1             1              1   8.001    78.4970
69   Closure-120        3        3        3         1         1      3      0      3      0       1        1       1        1             1              9             1              9   4.665   252.9130
70       Lang-35        4        2        4         2         2      2      2      2      0       1        1       1        1             4             15             2              4  12.192    89.8390
71        Math-3        3        3        3         2         2      3      0      3      0       1        1       1        1             1              9             1              9   7.848   166.3440
72    Closure-61        6        6        6         1         1      6      0      6      0       1        1       1        1             1             17             1             17   4.862   286.0570
73       Time-27        2        2        2         2         2      2      0      2      0       1        1       1        1             1              9             1              9   7.367    35.4770
74       Lang-53        4        4        4         4         4      2      2      2      2       1        1       1        1             2              0             2              0  10.279    51.4180
75       Math-69        2        1        2         1         1      1      1      1      0       1        1       1        1             1              7             1             13   5.001    66.8790
76       Lang-13       19       17       19         4         4     19      0     17      0       1        1       1        1            11             33            11             31   3.662   450.7190
77    Closure-21       21       21       21         2         2      2     19      2     19       1        1       1        1             4             40             4             40   5.775  1241.0250
78       Lang-26        2        2        2         1         1      1      1      1      1       1        1       1        1             1              3             1              3  11.001    35.4470
79    Closure-93        2        2        2         1         1      1      1      1      1       1        1       1        1             1              3             1              3   3.003   119.9290
80       Math-75        2        2        2         1         1      1      1      1      1       1        1       1        1             1              2             1              2   3.001    49.5400
81     Closure-9        3        1        1         2         1      2      1      1      0       1        1       1        1             2             12             1              6   9.910   154.3680
82       Math-73        4        4        4         1         1      4      0      4      0       1        1       1        1             1              9             1              9   4.530    46.9630
83    Closure-66        2        2        2         2         2      2      0      2      0       1        1       1        1             1              4             1              4   3.789   169.3190
84    Closure-41        9        9        9         2         2      9      0      9      0       1        1       1        1             2             20             2             20   5.147  1267.6121
85     Closure-6        8        7        8         4         5      0      8      0      7       1        1       1        1             5             15             5             15   5.012   720.0840
86       Math-67        4        3        4         2         2      2      2      2      1       1        1       1        1             2              5             2              5   4.805   103.8060
87       Lang-29        2        2        2         1         1      1      1      1      1       1        1       1        1             1              1             1              1   7.324   144.1150
88   Closure-123        2        2        2         1         1      1      1      1      1       1        1       1        1             1              6             1              6   3.003   215.8280
89    Closure-60        5        3        5         3         3      5      0      3      0       1        1       1        1             5              9             2              8   5.774   665.5460
90    Closure-89        5        5        5         2         2      4      1      4      1       2        2       2        2             1             10             1             10   3.666   398.1860
91     Closure-4        4        2        2         2         1      2      2      1      1       1        1       1        1             1              1             1              1   4.523   194.8080
92       Lang-41       23       23       23         8         8     21      2     21      2       1        1       1        1             7             35             7             35  11.318   595.9330
93       Math-46        4        3        4         2         2      2      2      1      2       1        1       1        1             1              3             2              3   9.780   256.6440
94       Math-22        4        4        4         2         2      2      2      2      2       2        2       2        2             1              1             1              1   6.001   167.7140
95       Math-43        6        6        6         3         3      3      3      3      3       1        1       1        1             3             10             3             10   6.003   152.6530
96   Closure-113        2        2        2         1         1      1      1      1      1       1        1       1        1             1              9             1              9   3.001   211.6210
97       Math-81        7        2        3         3         1      4      3      1      1       1        1       1        1             3             12             1              2   6.985    65.0840
98       Lang-58        3        1        1         1         1      1      2      0      1       1        1       1        1             1              9             1              9  11.594    19.8750
99       Math-94        2        2        2         1         1      1      1      1      1       1        1       1        1             1              9             1              9   3.001    33.1320
100   Mockito-25       35       34       35        10        10     29      6     28      6       1        1       1        1             6             53             6             53   9.796  1400.8140
101      Lang-42        9        9        9         2         2      7      2      7      2       1        1       1        1             2             21             2             21  10.688   169.4470
102   Closure-94       19        3       19         3         2     19      0      3      0       1        1       1        1            18              8             2              8   6.416   832.0800
103       Lang-8        3        3        3         3         3      1      2      1      2       1        1       1        1             3             12             3             12   4.623    88.3820
104     Chart-16        6        4        6         2         2      3      3      3      1       1        1       1        1             3             14             3             17   4.002   241.8390
105      Math-66       33       24       33        12        10     11     22     10     14       1        1       1        1            12             59             9             47   5.863  1071.2280
106  Closure-101        4        3        4         2         3      1      3      1      2       1        1       1        1             2              4             3              6   3.422   175.8370
107      Lang-15        8        8        8         2         2      4      4      4      4       1        1       1        1             2             25             2             25   4.007    88.5780
108   Closure-88        6        5        6         2         1      6      0      5      0       1        1       1        1             4             17             3             13   3.582   337.7790
109      Math-54        8        8        8         2         2      7      1      7      1       1        1       1        1             4             28             4             28   7.246   139.3450
110       Lang-6        2        2        2         1         1      1      1      1      1       1        1       1        1             1              5             1              5   5.000    88.8120
111   Closure-10        2        2        2         1         1      1      1      1      1       1        1       1        1             1              2             1              2   3.007   188.7730
112      Lang-46       17       11       17         9         6     10      7      7      4       1        1       1        1             8             10             5             10  11.836   325.9940
113       Time-7        2        2        2         2         2      1      1      1      1       1        1       1        1             2              7             2              7   8.004    52.2640
114   Closure-64        8        6        8         4         3      4      4      3      3       1        1       1        1             4             15             3             13   4.552   264.5140
115      Math-89        4        4        4         2         2      4      0      4      0       1        1       1        1             1             12             1             12   3.586    61.9650
116  Closure-103        8        8        8         3         3      8      0      8      0       2        2       2        2             1             19             1             19   4.170   163.3970
117       Time-6       26       21       26         3         3     26      0     21      0       1        1       1        1             6             31            11             45   6.231  1354.0660
118       Time-9       12        3       11         5         1      9      3      3      0       1        1       1        1             5             27             1             14   6.295   165.4510
119   Closure-54       15       13       15         5         5     12      3     10      3       2        2       2        2             4             20             4             16   4.848  1034.5601
120   Closure-27        9        6        9         3         3      6      3      4      2       1        1       1        1             4             19             3             19  14.192  1238.5330
121      Time-22        7        5        7         2         1      6      1      5      0       1        1       1        1             6             20             5             18   6.002   263.6200
122   Closure-98       19       18       19         5         5     19      0     18      0       1        1       1        1             5             39             5             39  11.957   800.6000
123      Lang-43        1        1        1         1         1      1      0      1      0       1        1       1        1             1              3             1              3   9.000    23.0570
124      Math-96        2        1        2         1         1      1      1      1      0       1        1       1        1             1             11             1             10  10.001    48.7360
125  Closure-100        9        9        9         2         2      8      1      8      1       1        1       1        1             3             21             3             21   3.569   331.5580
126      Math-27        2        2        2         1         1      1      1      1      1       1        1       1        1             1              8             1              8   5.001   114.4940
127      Lang-27        5        3        5         2         1      4      1      3      0       1        1       1        1             2             15             1             11  11.842    62.2760
128      Math-51        9        7        9         3         2      9      0      7      0       1        1       1        1             4             27             2             24   9.752   295.6680
129      Lang-61        2        2        2         1         1      1      1      1      1       1        1       1        1             1             11             1             11  10.001    31.8690
130      Chart-6        9        9        9         1         1      8      1      8      1       1        1       1        1             5             30             5             30   4.381   206.7920
131   Mockito-29        2        2        2         1         1      1      1      1      1       1        1       1        1             1             11             1             11   2.272   263.6420
132      Math-56        8        4        8         1         3      1      7      1      3       1        1       1        1             4             18             3              5   7.447   441.5130
133      Time-24        5        5        5         1         1      5      0      5      0       1        1       1        1             1             26             1             26   9.797   120.7640
134  Closure-119        1        1        1         1         1      1      0      1      0       1        1       1        1             1              2             1              2   3.988   193.8520
135      Lang-56        8        2        8         3         1      6      2      1      1       1        1       1        1             3             10             1              1  12.573    83.7200
136      Lang-47        6        6        6         2         2      6      0      6      0       1        1       1        1             1              9             1              9  12.363    78.1660
137    Closure-8        4        4        4         2         2      4      0      4      0       1        1       1        1             2             19             2             19   4.749   231.4280
138     Math-105        2        2        2         1         1      1      1      1      1       1        1       1        1             1              4             1              4   8.001    28.3760
139      Lang-49        3        3        3         1         1      3      0      3      0       1        1       1        1             1             11             1             11   9.673    37.8150
140   Mockito-21       24       15       24         5         4     20      4     11      4       1        1       1        1             6             67             6             42   6.582  1806.3680
141      Math-11        2        2        2         1         1      1      1      1      1       1        1       1        1             1             10             1             10   7.001   139.9420
142   Mockito-35        6        6        6         3         3      3      3      3      3       1        1       1        1             3             10             3             10   2.940   350.7640
143      Time-20       10        8       10         3         3      8      2      7      1       1        1       1        1             6             29             4             21   7.451   265.2770
144   Mockito-37        8        8        8         2         2      8      0      8      0       1        1       1        1             2             20             2             20   2.496   256.9360
145   Mockito-16        9        9        9         5         5      5      4      5      4       2        2       2        2             2              3             2              3   2.899   218.8690
146     Chart-11        2        2        2         1         1      1      1      1      1       1        1       1        1             1              3             1              3   3.000    51.4660
147      Time-18       12       10       12         2         2     12      0     10      0       1        1       1        1             1             21             1             19   6.604   192.3790
148   Closure-69        7        7        7         1         1      7      0      7      0       1        1       1        1             1             17             1             17   4.990   556.3620
149      Time-23       17        6       17         8         4      9      8      2      4       1        1       1        1            15              6             6              6   5.004   807.5020
150      Math-97       18        7       18         5         2     16      2      6      1       1        1       1        1             2             20             2             14   9.933   321.6570
151   Closure-45        8        6        8         4         3      6      2      5      1       1        1       1        1             4             24             3             17   3.751   481.6740
152   Closure-68        4        1        4         4         1      3      1      1      0       1        1       1        1             3              3             1              3  12.914   342.6490
153   Closure-78        2        1        2         2         1      0      2      0      1       1        1       1        1             1              5             1              5   4.060   159.1240
154      Math-72        4        2        3         2         2      2      2      2      0       1        1       1        1             2              3             2              4   3.510    84.5570
155   Closure-16       12       11       12         5         5      9      3      8      3       1        1       1        1             7             31             6             30   7.734   974.1410
156      Math-74       11        7       11         3         4      7      4      6      1       1        1       1        1             6             21             4             20   6.067  1435.9561
157      Math-37       16       16       16         4         4     14      2     14      2       1        1       1        1             6             15             6             15   7.073   304.7410
158   Closure-35       17       11       17         1         6      2     15      2      9       1        1       1        1             2             40             6             25   5.193   726.0050
159   Mockito-30        5        5        5         3         3      3      2      3      2       2        2       2        2             1              3             1              3   2.626   279.6510
160  Closure-115       11        9       11         2         3      0     11      0      9       1        1       1        1             3             25             3             18   5.139  1713.3240
161      Math-80        2        2        2         1         1      1      1      1      1       1        1       1        1             1              8             1              8   4.001    46.1110
162    Closure-1        3        3        3         1         1      3      0      3      0       1        1       1        1             1              4             1              4   5.629   311.9960
163       Lang-3        4        4        4         4         4      4      0      4      0       1        1       1        1             2              6             2              6   6.058    78.5250
164      Math-15        3        3        3         2         2      2      1      2      1       1        1       1        1             2             13             2             13   6.926   147.8010
165      Math-41        2        2        2         1         1      1      1      1      1       1        1       1        1             1             10             1             10   6.000    70.7760
166   Mockito-28        3        3        3         1         1      2      1      2      1       1        1       1        1             2              7             2              7   2.401   265.7800
167   Closure-46       16       16       16         1         1      0     16      0     16       1        1       1        1             1             36             1             36  12.891   840.7080
168   Closure-38        2        2        2         1         1      1      1      1      1       1        1       1        1             1              6             1              6  11.003   171.6890
169     Chart-26        2        2        2         2         2      2      0      2      0       1        1       1        1             1              6             1              6   3.865   104.6090
170   Mockito-31        4        4        4         2         2      3      1      3      1       1        1       1        1             2             14             2             14   2.465   204.3840
171      Math-59        2        2        2         1         1      1      1      1      1       1        1       1        1             1              4             1              4   8.003    71.8210
172  Closure-109        6        6        6         1         1      5      1      5      1       1        1       1        1             2             10             2             10   4.592   362.3510
173      Math-48        3        3        3         1         1      3      0      3      0       1        1       1        1             1              7             1              7   9.416    95.4300
174      Lang-16        2        2        2         1         1      1      1      1      1       1        1       1        1             1              4             1              4  12.001    27.0360
175   Closure-91        9        8        9         1         1      9      0      8      0       1        1       1        1             2             19             2             19  10.565   348.4540
176   Closure-49       22       19       22         8         7     14      8     12      7       1        1       1        1             8             20             8             15  10.222  4822.6738
177      Chart-9        2        2        2         1         1      1      1      1      1       1        1       1        1             1              9             1              9   4.001    35.8500
178     Chart-19        6        6        6         2         2      6      0      6      0       1        1       1        1             2              9             2              9   7.329   128.1840
179      Lang-52        4        2        4         1         1      4      0      2      0       1        1       1        1             4              4             2              4   9.595    57.8620
180   Mockito-13        4        4        4         3         3      3      1      3      1       1        1       1        1             1             11             1             11   2.622   262.6530
181      Math-65        9        8        9         2         2      2      7      2      6       1        1       1        1             4             45             4             42   5.476   386.1640
182  Closure-132        4        3        4         1         1      3      1      2      1       1        1       1        1             1             11             1             12   4.606   401.1170
183   Closure-85       22       16       22         4         8      8     14      8      8       1        1       1        1             5             43             9             28   4.174  1481.1730
184   Closure-51        2        2        2         1         1      1      1      1      1       1        1       1        1             1              8             1              8   3.003   166.7940
185      Time-12       16       16       16         8         8     14      2     14      2       2        2       2        2             3             29             3             29  10.810   390.1790
186   Closure-99        7        7        7         4         4      6      1      6      1       1        1       1        1             3             23             3             23   3.454   209.4490
187   Closure-81        7        7        7         1         1      7      0      7      0       1        1       1        1             2             16             2             16  10.211   224.2470
188      Lang-54        3        3        3         1         1      3      0      3      0       1        1       1        1             1             12             1             12   9.385    36.1060
189   Mockito-12        4        4        4         3         3      4      0      4      0       1        1       1        1             1             14             1             14   2.310   499.9560
190      Time-25        9        9        9         1         1      9      0      9      0       1        1       1        1             1             16             1             16   7.926   178.9070
191     Math-103       10        9       10         2         2     10      0      9      0       1        1       1        1             1             18             1             16  10.528   150.9290
192  Closure-104        2        2        2         1         1      1      1      1      1       1        1       1        1             1              8             1              8   6.002    81.3510
193   Closure-12        6        6        6         1         1      6      0      6      0       1        1       1        1             2             21             2             21   3.451   275.0140
194       Math-9        3        3        3         1         1      2      1      2      1       1        1       1        1             2             14             2             14   8.001   227.2240
195       Time-8        7        7        7         3         3      5      2      5      2       1        1       1        1             3             23             3             23   6.705    95.2450
196   Mockito-15        3        3        3         3         3      3      0      3      0       1        1       1        1             2             10             2             10   2.286   246.2130
197   Closure-47       11        9       11         3         3      8      3      7      2       2        2       2        2             3             23             3             18   6.465  1085.6140
198  Closure-117       24       24       24         3         3     12     12     12     12       1        1       1        1             1              0             1              0   7.017  1836.2190
199   Closure-36        3        3        3         1         1      3      0      3      0       1        1       1        1             1              8             1              8   3.518   208.9290
200     Chart-13        2        2        2         1         1      1      1      1      1       1        1       1        1             1              7             1              7   4.634    49.8230
201      Lang-64       21       15       21         5         5     21      0     15      0       1        1       1        1             3             44             3             26  11.286   258.7010
202   Closure-75        5        3        5         3         2      4      1      3      0       1        1       1        1             2              7             1              5   4.327   301.3000
203      Math-82        2        2        2         1         1      1      1      1      1       1        1       1        1             1              2             1              2   4.001    35.5510
204   Closure-63        2        2        2         1         1      1      1      1      1       1        1       1        1             1              3             1              3   7.446   167.1200
205       Lang-7        6        3        6         3         1      3      3      0      3       1        1       1        1             2             17             1              5   4.970   109.7230
206   Closure-76       43       23       43        11         7     37      6     20      3       1        1       1        1            15             33             6             23   4.925  2311.0601
207   Closure-17        6        5        6         2         2      5      1      4      1       1        1       1        1             2             21             2             17   4.166   469.4390
208   Closure-42        7        6        7         2         2      7      0      6      0       1        1       1        1             1             12             1              8  11.324   457.2510
209      Math-44        7        5        7         3         2      6      1      5      0       1        1       1        1             3             13             2              9   6.640   256.6340
210   Mockito-33       13       13       13         2         2     12      1     12      1       1        1       1        1             3             33             3             33   2.799   384.8990
211   Closure-82        4        4        4         1         1      3      1      3      1       1        1       1        1             1              9             1              9   5.334   181.2900
212      Lang-57        2        2        2         1         1      1      1      1      1       1        1       1        1             1              3             1              3  10.001    47.7060
213      Math-36       12       12       12         4         4     12      0     12      0       1        1       1        1             2             19             2             19   6.128   226.7030
214       Lang-2        3        3        3         1         1      3      0      3      0       1        1       1        1             1             11             1             11   3.752    69.0450
215       Math-4        6        6        6         2         2      6      0      6      0       2        2       2        2             1              6             1              6  11.585   255.9280
216      Math-30        2        2        2         1         1      1      1      1      1       1        1       1        1             1              1             1              1   6.002   104.0330
217  Closure-131        3        2        3         2         1      2      1      1      1       1        1       1        1             2             12             1              7   3.474   390.4270
218      Math-76       22        9       22        12         5     14      8      6      3       1        1       1        1             5             49             2             23   6.766   242.7890
219      Math-68       14       12       12         9         8     12      2     11      1       1        1       1        1             6             29             6             29   7.041   216.9350
220      Lang-19       12       10       12         5         5      9      3      8      2       1        1       1        1             2             32             2             30  10.410   249.7450
221   Closure-24        7        7        7         4         4      4      3      4      3       1        1       1        1             3             14             3             14   3.953   531.7780
222       Time-5       18       10       18         2         3     12      6      7      3       1        1       1        1             6             54             7             25   8.960  1392.7679
223   Closure-72        4        4        4         2         2      3      1      3      1       2        2       2        2             1              8             1              8   3.485   189.3700
224      Math-84        9        2        9         3         2      9      0      2      0       1        1       1        1             5             30             2             14   4.564   209.7390
225    Mockito-7        1        1        1         1         1      1      0      1      0       1        1       1        1             1              7             1              7   8.001   235.5100
226   Mockito-24        2        2        2         1         1      1      1      1      1       1        1       1        1             1             10             1             10   7.001   467.5870
227    Mockito-9        5        5        5         3         3      5      0      5      0       1        1       1        1             1             10             1             10  10.313   625.4450
228      Math-60       13       10       13         2         5      3     10      3      7       1        1       1        1             3             24             7             27   7.804   171.6140
229      Time-17       23       22       23         5         5     18      5     18      4       1        1       1        1            13             33            13             29   6.119   375.9030
230     Chart-10        2        2        2         1         1      1      1      1      1       1        1       1        1             1              5             1              5   3.001    36.7510
231      Math-70        2        2        2         1         1      1      1      1      1       1        1       1        1             1              3             1              3   4.000    45.4290
232       Time-4        2        2        2         1         1      1      1      1      1       1        1       1        1             1              4             1              4   6.003    47.9440
233      Math-79        4        2        4         2         1      2      2      1      1       1        1       1        1             2              1             1              1   3.001    78.2190
234      Lang-59        2        2        2         1         1      1      1      1      1       1        1       1        1             1              3             1              3   3.001    35.3760
235      Math-53        3        3        3         1         1      3      0      3      0       1        1       1        1             1              7             1              7   4.453    86.0640
236   Closure-13        2        2        2         2         2      1      1      1      1       1        1       1        1             1              0             1              0   4.006   221.6020
237       Lang-5       21       21       21         2         2     21      0     21      0       1        1       1        1             1             32             1             32   5.164   341.7500
238   Mockito-22        4        4        4         1         1      3      1      3      1       1        1       1        1             1              6             1              6   6.001   399.2020
239    Mockito-4        7        5        7         3         3      5      2      3      2       1        1       1        1             3             14             3             15   8.947  1819.7830
240      Lang-38        1        1        1         1         1      1      0      1      0       1        1       1        1             1              2             1              2  12.001    19.9130
241      Lang-50       16       14       16         6         8      6     10      6      8       1        1       1        1             5              4             7             11  11.252   243.0300
242      Lang-20        4        4        4         2         2      2      2      2      2       1        1       1        1             2             20             2             20   4.009    66.9120
243      Lang-40        9        9        9         1         1      8      1      8      1       1        1       1        1             5             25             5             25  12.875   108.5580
244     Chart-12        2        1        2         1         1      1      1      1      0       1        1       1        1             1              9             1              3   4.001    86.3370
245  Closure-112       10        8       10         2         3      8      2      7      1       1        1       1        1             1             19             2             20   5.864   839.0200
246  Closure-122        3        3        3         1         1      2      1      2      1       1        1       1        1             3             16             3             16   3.004   245.9770
247     Math-102       17       17       17         3         3     17      0     17      0       1        1       1        1             7             40             7             40  12.785   343.7610
248      Math-17        4        4        4         2         2      4      0      4      0       1        1       1        1             1             11             1             11   6.148   131.0240
249   Closure-62        2        2        2         1         1      1      1      1      1       1        1       1        1             1              3             1              3   7.452   168.8720
250       Math-2        2        2        2         1         1      1      1      1      1       1        1       1        1             1             10             1             10   6.001   144.1080
251      Chart-2       14       13       14         8         7     14      0     13      0       1        1       1        1             5             14             5             14   5.173   452.3590
252   Mockito-32        6        6        6         2         2      5      1      5      1       1        1       1        1             1              9             1              9   3.649   442.5000
253     Chart-23       19       15       17         1         1     19      0     15      0       1        1       1        1             1             40             1             35   5.079   272.7570
254      Math-63        2        2        2         1         1      1      1      1      1       1        1       1        1             1             11             1             11   3.000    61.2830
255      Math-88       11       10       10         4         4      5      6      4      6       1        1       1        1             2             32             3             36   5.980   222.6390
256      Lang-63       23        1       23         4         1      3     20      0      1       1        1       1        1            10             49             1              8  11.020   133.2900
257      Math-86        6        3        6         2         1      3      3      3      0       1        1       1        1             2             12             1              9   4.652    86.1100
258      Math-91        4        4        4         1         1      2      2      2      2       1        1       1        1             2             12             2             12   4.000    67.6160
259    Mockito-6       40       40       40        20        20     20     20     20     20       1        1       1        1            22             27            22             27  14.306  5859.0059
260    Mockito-1       13       13       13         1         1     12      1     12      1       1        1       1        1             3             37             3             37  11.365  4677.4258
261      Chart-3        2        2        2         1         1      2      0      2      0       1        1       1        1             2              4             2              4   4.000    61.1980
262   Mockito-23       21       21       21         8         8     18      3     18      3       1        1       1        1            11             41            11             41   6.464  1014.0290
263  Closure-110       29       29       29        12        12     25      4     25      4       2        2       2        2             1              9             1              9   7.011  3883.5129
264    Closure-2        4        4        4         3         3      4      0      4      0       1        1       1        1             1             11             1             11   5.101   226.3090
265      Time-26       14        2        2         7         1      7      7      1      1       1        1       1        1             2              5             1              4   9.530    89.1460
266      Math-16       23       23       23        11        11     21      2     21      2       1        1       1        1             5             26             5             26  10.651   582.0270
267      Math-99        8        8        8         2         2      8      0      8      0       1        1       1        1             2             20             2             20   4.372    81.1790
268   Closure-58        4        4        4         2         2      4      0      4      0       1        1       1        1             1              6             1              6   3.519   231.3500
269  Closure-114        2        2        2         1         1      1      1      1      1       1        1       1        1             1             10             1             10   4.747   372.6570
270      Math-78       11        6       10         3         3     11      0      6      0       1        1       1        1             1             40             1             31   3.978   268.5620
271      Time-13        6        4        6         3         2      5      1      4      0       1        1       1        1             3             25             2             18   7.300   157.3640
272   Mockito-38        2        2        2         1         1      1      1      1      1       1        1       1        1             1             11             1             11   2.371   148.3950
273      Lang-51        1        1        1         1         1      1      0      1      0       1        1       1        1             1              1             1              1   9.000    20.4360
274   Closure-31        1        1        1         1         1      0      1      0      1       1        1       1        1             1              5             1              5   5.280   179.3520
275      Math-31       46       24       46         4        10     13     33     11     13       1        1       1        1            17             69            24             48  10.111  3737.2461
276   Closure-20        3        3        3         1         1      2      1      2      1       1        1       1        1             1             11             1             11   3.929   203.2860
277      Lang-28        6        6        6         2         2      6      0      6      0       1        1       1        1             1             18             1             18   9.312    80.2050
278      Time-10        3        3        3         2         2      2      1      2      1       1        1       1        1             2             13             2             13   6.531   101.5590
279      Math-34        2        2        2         1         1      1      1      1      1       1        1       1        1             1              3             1              3   6.001   101.3690
280   Closure-71        2        2        2         1         1      1      1      1      1       1        1       1        1             1              9             1              9   3.001   144.3500
281   Closure-53        4        4        4         2         2      4      0      4      0       1        1       1        1             1             14             1             14   3.736   216.8690
282   Closure-83        5        5        5         1         1      4      1      4      1       1        1       1        1             2             11             2             11  12.539   496.7950
283      Lang-11        4        4        4         1         1      4      0      4      0       1        1       1        1             1              9             1              9  10.395    69.0240
284   Mockito-20        5        5        5         3         3      3      2      3      2       1        1       1        1             3             16             3             16   9.707  1524.2800
285      Math-83        6        4        6         3         2      3      3      2      2       1        1       1        1             3              8             2              8   5.002   159.8730
286      Lang-24        2        2        2         1         1      1      1      1      1       1        1       1        1             1              4             1              4   4.001    35.9280
287   Closure-77        1        1        1         1         1      1      0      1      0       1        1       1        1             3              4             3              4   3.007   120.6950
288      Lang-34        4        4        4         2         2      2      2      2      2       1        1       1        1             2             15             2             15   6.003   167.3180
289      Lang-36       10        7        9         2         2      9      1      6      1       1        1       1        1             3             13             2             11  13.425   138.6580
290      Time-21       22       16       22         5         6     16      6     13      3       1        1       1        1             6             52             3             56   6.777   797.0270
291      Chart-7        4        2        4         2         1      2      2      1      1       1        1       1        1             2              5             1              5   3.001    64.8720
292      Math-87        6        6        6         3         3      2      4      2      4       1        1       1        1             2             18             2             18   4.830    70.0810
293      Lang-17       12        9       12         6         7      3      9      2      7       1        1       1        1             6             23             6             23   5.060   794.8660
294   Closure-43       17       16       17         4         4     17      0     16      0       1        1       1        1             4             31             4             31   5.735   934.0470
295     Chart-20        2        2        2         1         1      1      1      1      1       1        1       1        1             0              0             0              0   3.000    52.3420
296    Mockito-5        2        2        2         1         1      1      1      1      1       1        1       1        1             1              2             1              2   8.402   262.2560
297      Math-90        3        3        3         2         2      3      0      3      0       1        1       1        1             2             17             2             17   4.558    78.4050
298   Mockito-14        6        6        6         5         5      5      1      5      1       2        2       2        2             1              7             1              7   2.687  4013.8730
299  Closure-107        1        1        1         1         1      1      0      1      0       1        1       1        1             1              4             1              4   4.001   202.3730
300    Mockito-2        7        7        7         3         3      7      0      7      0       1        1       1        1             2             18             2             18   7.325   550.8470
301      Math-35        4        2        4         2         2      2      2      2      0       1        1       1        1             1              9             2              3   4.002   340.2850
302      Math-19       13       10       13         1         1     13      0     10      0       1        1       1        1             1             40             1             35   7.724   477.2110
303   Closure-22       28       23       28         5         9      2     26      2     21       1        1       1        1             3             32             5             30   3.996  1099.0900
304   Mockito-26        2        1        2         1         1      1      1      1      0       1        1       1        1             1              3             1              4   6.003   509.0930
305   Closure-29       10       10       10         3         3     10      0     10      0       1        1       1        1             4             19             4             19   5.970   598.5230
306      Lang-31        8        7        8         4         4      8      0      7      0       1        1       1        1             3             21             3             19  13.873   109.0940
307      Lang-44        3        3        3         1         1      3      0      3      0       1        1       1        1             1             18             1             18  10.532    38.6330
308      Math-92       55       19       55        12         7     49      6     16      3       1        1       1        1            15             68             5             44   5.906   365.9720
309      Lang-30       48       44       48        20        19     43      5     39      5       1        1       1        1            15             45            14             45  10.298  1621.4490
310      Math-23       11        9       11         5         4      9      2      8      1       1        1       1        1             4             12             3             12   8.926   635.6470
311   Closure-79        3        3        3         2         2      2      1      2      1       2        2       2        2             1              2             1              2   3.904   173.2070
312     Chart-25       16       16       16         6         6     14      2     14      2       1        1       1        1             5             22             5             22   9.396   271.8420
313       Math-5        2        2        2         1         1      1      1      1      1       1        1       1        1             1              1             1              1   5.000   179.5210
314      Chart-4        2        2        2         2         2      2      0      2      0       1        1       1        1             1              6             1              6   5.329   109.2250
315      Math-93       12        9       12         3         2     10      2      7      2       1        1       1        1             5             26             4             25  13.211   213.3710
316  Closure-129        3        3        3         1         1      3      0      3      0       1        1       1        1             1              7             1              7   3.500   427.7550
317  Closure-128        5        4        5         2         2      4      1      3      1       1        1       1        1             2             10             2              8   4.179   577.9440
318      Math-47        8        7        8         4         4      5      3      4      3       1        1       1        1             4             24             4             24   9.814   331.1960
319   Closure-28        4        3        4         1         1      4      0      3      0       1        1       1        1             1              9             1              9   4.670   369.6920
320   Closure-86        2        2        2         1         1      1      1      1      1       1        1       1        1             1              1             1              1   3.013   150.9100
321   Closure-95        7        7        7         2         2      7      0      7      0       1        1       1        1             1             24             1             24   4.261   170.0770
322  Closure-108        5        4        5         4         3      4      1      3      1       1        1       1        1             4             20             3             20   3.007   563.0260
323  Closure-118        3        3        3         1         1      3      0      3      0       1        1       1        1             1              3             1              3   5.156   261.2520
324      Math-64       30       10       30        13         7     22      8      7      3       1        1       1        1            16             38             5             15   5.598  1417.8220
325   Closure-80        2        2        2         2         2      2      0      2      0       1        1       1        1             2              2             2              2   5.134   182.9220
326      Chart-8        2        2        2         1         1      1      1      1      1       1        1       1        1             1              3             1              3   3.001    55.6910
327     Math-104        2        2        2         1         1      1      1      1      1       1        1       1        1             1              2             1              2   9.378    36.4080
328   Closure-34        8        5        8         3         4      3      5      3      2       2        2       2        2             1             11             1             11  10.100   574.5430
329   Closure-70        2        2        2         1         1      1      1      1      1       1        1       1        1             1              3             1              3   4.526   155.2150
330   Closure-90        5        5        5         2         2      4      1      4      1       2        2       2        2             1             10             1             10   3.855   179.3460
331       Math-6       30       12       30        17         9     14     16      9      3       7        7       7        7             3             12             1              1   8.374  5902.0088
332   Closure-19        2        2        2         2         2      2      0      2      0       1        1       1        1             2              2             2              2   3.568   185.2290
333      Lang-65       30       30       30         8         8     30      0     30      0       1        1       1        1            12             32            12             32  11.513   236.5910
334   Closure-26        5        5        5         3         3      5      0      5      0       1        1       1        1             3             13             3             13   5.590   432.3100
335      Math-62        7        2        7         2         1      3      4      2      0       1        1       1        1             4             36             2             22   8.003   174.2790
336     Chart-15        5        5        5         3         3      5      0      5      0       1        1       1        1             2              9             2              9  10.522   155.7510
337      Math-95        4        3        4         3         3      3      1      3      0       1        1       1        1             2              7             2              9  10.391    58.4420
338    Closure-7        6        4        6         3         3      5      1      3      1       1        1       1        1             2             16             2             11   4.014   741.8310
339   Closure-52        2        2        2         1         1      1      1      1      1       1        1       1        1             1             11             1             11   3.002   182.2840
340      Math-20        3        3        3         1         1      2      1      2      1       1        1       1        1             1             11             1             11   7.848   121.4820
341   Closure-23        8        8        8         2         2      7      1      7      1       1        1       1        1             1             22             1             22   4.496   346.2690
342      Math-13        9        9        9         2         2      9      0      9      0       1        1       1        1             1             35             1             35   4.206   296.5120
343  Closure-125        2        2        2         1         1      1      1      1      1       1        1       1        1             1              9             1              9   3.006   198.0460
344      Math-49        8        3        8         4         2      4      4      2      1       1        1       1        1             1              4             2              8   9.029   233.2310
345   Closure-14        2        2        2         1         1      1      1      1      1       1        1       1        1             1              4             1              4   4.015   299.0270
346      Math-71        7        4        7         2         2      7      0      4      0       2        2       2        2             3             10             2             10   4.003   283.0380
347   Closure-57        2        2        2         1         1      1      1      1      1       1        1       1        1             1             11             1             11   3.000   167.1110
348     Chart-17        3        3        3         1         1      2      1      2      1       1        1       1        1             2             23             2             23   3.002    84.5120
349      Time-16        2        2        2         1         1      1      1      1      1       1        1       1        1             1              7             1              7   9.926    73.9330
350     Chart-24        2        2        2         1         1      1      1      1      1       1        1       1        1             1              7             1              7   3.001    35.6350
351      Lang-37        8        7        8         3         3      8      0      7      0       1        1       1        1             1             30             1             28  12.964   109.4160
352     Chart-18       14       13       13         6         6     11      3     10      3       2        2       2        2             4             17             4             17   4.936   178.3210
353      Math-39        9        5        6         1         1      9      0      5      0       1        1       1        1             1             11             1             11   5.867   359.2510
354      Math-55       19       16       18         5         5     18      1     15      1       1        1       1        1            17             38            16             35   4.674   556.8170
355      Time-19        2        2        2         1         1      1      1      1      1       1        1       1        1             1              2             1              2   6.000    82.4750
356      Lang-10        9        5        9         2         3      0      9      0      5       1        1       1        1             3             19             3             11   6.051   429.9250
357    Mockito-8        2        2        2         1         1      1      1      1      1       1        1       1        1             1              4             1              4   7.421   525.4680
358      Math-12        5        4        5         3         2      4      1      3      1       1        1       1        1             2              6             1              1   6.556   344.9340
359   Mockito-19       34       34       34        11        11     26      8     26      8       5        5       5        5             1              4             1              4   8.925  4035.2959
360      Lang-23       31       23       31         3         3     31      0     23      0       1        1       1        1             3             46             3             46  13.459   907.4460
361       Time-2        8        3        5         3         1      7      1      3      0       2        2       2        2             2             19             0              0   7.603   112.8870
362  Closure-130        2        2        2         1         1      1      1      1      1       1        1       1        1             1             10             1             10   4.003   193.1930
363      Time-15        3        3        3         1         1      3      0      3      0       1        1       1        1             1             11             1             11   4.518    59.6650
364      Math-18       10        2       10         5         2      6      4      2      0       1        1       1        1             6             25             2              8   8.777   795.8210
365    Closure-3       10       10       10         3         3      8      2      8      2       1        1       1        1             5             24             5             24   4.938   485.0950
366      Lang-45        3        3        3         1         1      3      0      3      0       1        1       1        1             1             10             1             10  11.523    38.1880
367      Lang-60        4        4        4         2         2      2      2      2      2       1        1       1        1             2              7             2              7  10.879    49.4170
368     Math-106        8        6        8         4         4      8      0      6      0       1        1       1        1             2             10             2              8   9.442   147.9910
369   Closure-33        3        3        3         1         1      3      0      3      0       1        1       1        1             1              2             1              2   3.919   209.2130
370      Math-61        4        3        4         2         2      2      2      2      1       1        1       1        1             1             10             1             10   8.401   147.7200
371    Closure-5        3        3        3         1         1      3      0      3      0       1        1       1        1             1              4             1              4   3.745   216.6760
372  Closure-106        6        5        6         3         3      4      2      3      2       2        2       2        2             2              1             2              1   2.878   167.0920
373       Lang-9        3        3        3         1         1      3      0      3      0       1        1       1        1             1             11             1             11   5.866    77.6230
374      Lang-12        7        4        7         3         2      7      0      4      0       1        1       1        1             2             19             1             11  11.493   101.5110
375   Closure-50        7        6        7         3         3      6      1      5      1       1        1       1        1             2             15             2             15   3.731   477.8200
376   Closure-48       11       10       11         2         2      7      4      6      4       1        1       1        1             1             26             1             26   4.590   986.5120
377    Mockito-3       20       20       20         3         3     17      3     17      3       1        1       1        1             4             70             4             70  14.229  2931.1970
378       Math-8        4        4        4         2         2      2      2      2      2       1        1       1        1             1             18             1             18   5.397   248.7330
379      Lang-14        3        3        3         2         2      3      0      3      0       1        1       1        1             2             13             2             13  13.963    40.8380
380  Closure-116       12       11       12         2         2     12      0     11      0       1        1       1        1             3             25             3             24   5.130   803.0840
381  Closure-105       12       11       12         5         5      7      5      7      4       1        1       1        1             4             18             4             20  10.254   416.7160
382      Time-14        5        5        5         2         2      5      0      5      0       1        1       1        1             1             21             1             21  10.659   131.7630
383   Mockito-17       11       11       11         6         6      9      2      9      2       2        2       2        2             1             25             1             25   2.606   311.0090
384      Math-33        2        2        2         1         1      1      1      1      1       1        1       1        1             1              4             1              4   6.001    87.2190
385   Mockito-34        2        2        2         1         1      1      1      1      1       1        1       1        1             1             13             1             13   2.363   215.8490
386      Lang-48        4        3        4         2         2      4      0      3      0       1        1       1        1             1             20             1              5  10.582    61.4190
387       Lang-1       13       12       13         3         3     11      2     10      2       1        1       1        1             4             35             4             34   9.526   192.0710
388   Closure-32       18       16       18         6         6     15      3     13      3       1        1       1        1             5             41             6             42   5.262  1529.4470
389  Closure-102        2        1        2         2         1      1      1      1      0       1        1       1        1             1              0             1              3   3.005   149.3810
390      Math-10        1        1        1         1         1      1      0      1      0       1        1       1        1             1              7             1              7   5.001   139.1590
391     Chart-21       39       28       39         4         1     39      0     28      0       1        1       1        1            13             40             3             38   4.415   942.3990
392      Lang-32       25       23       25         4         4     17      8     16      7       1        1       1        1             7             26             6             24  12.063   373.7930
393      Math-21       23       15       23         6         5     13     10     11      4       1        1       1        1             8             49             6             27   7.005  1006.1260
394      Math-14       14       14       14         3         3     10      4     10      4       2        2       2        2             2             24             2             24  11.511   332.3660
